"Country Name","Country Code","Region","Income_Group",
"Pays-Bas","NLD","","Revenu élevé",
